01100110111010010100101111010100111011111000101000101100001110111000100001001100111110100101100111001010001101000010101100101110
01100110111010010100101111010100111011111000101000101100001110111000100001001100111110100101100111001010001101000010101100101110
01100110111010010100101111010100111011111000101000101100001110111000100001001100111110100101100111001010001101000010101100101110
11111100111111000100101111010100111011111000101000101100001110111000100001001100111110100101100111001010001101000010101100101110
11111100111111000100101111010100111011111000101000101100001110111000100001001100111110100101100111001010001101000010101100101110
01100110111010010100101111010100111011111000101000101100001110111000100001001100111110100101100111001010001101000010101100101110
01100110111010010100101111010100111011111000101000101100001110111000100001001100111110100101100111001010001101000010101100101110
01100110111010010100101111010100111011111000101000101100001110111000100001001100111110100101100111001010001101000010101100101110
01100110111010010100101111010100111011111000101000101100001110111000100001001100111110100101100111001010001101000010101100101110
01100110111010010100101111010100111011111000101000101100001110111000100001001100111110100101100111001010001101000010101100101110
01100110111010010100101111010100111011111000101000101100001110111000100001001100111110100101100111001010001101000010101100101110
01100110111010010100101111010100111011111000101000101100001110111000100001001100111110100101100111001010001101000010101100101110
01100110111010010100101111010100111011111000101000101100001110111000100001001100111110100101100111001010001101000010101100101110
01100110111010010100101111010100111011111000101000101100001110111000100001001100111110100101100111001010001101000010101100101110
01100110111010010100101111010100111011111000101000101100001110111000100001001100111110100101100111001010001101000010101100101110
01100110111010010100101111010100111011111000101000101100001110111000100001001100111110100101100111001010001101000010101100101110
01100110111010010100101111010100111011111000101000101100001110111000100001001100111110100101100111001010001101000010101100101110
01100110111010010100101111010100111011111000101000101100001110111000100001001100111110100101100111001010001101000010101100101110
01100110111010010100101111010100111011111000101000101100001110111000100001001100111110100101100111001010001101000010101100101110
01100110111010010100101111010100111011111000101000101100001110111000100001001100111110100101100111001010001101000010101100101110
01100110111010010100101111010100111011111000101000101100001110111000100001001100111110100101100111001010001101000010101100101110
01100110111010010100101111010100111011111000101000101100001110111000100001001100111110100101100111001010001101000010101100101110
01100110111010010100101111010100111011111000101000101100001110111000100001001100111110100101100111001010001101000010101100101110
01100110111010010100101111010100111011111000101000101100001110111000100001001100111110100101100111001010001101000010101100101110
01100110111010010100101111010100111011111000101000101100001110111000100001001100111110100101100111001010001101000010101100101110
01100110111010010100101111010100111011111000101000101100001110111000100001001100111110100101100111001010001101000010101100101110
01100110111010010100101111010100111011111000101000101100001110111000100001001100111110100101100111001010001101000010101100101110
01100110111010010100101111010100111011111000101000101100001110111000100001001100111110100101100111001010001101000010101100101110
00100101010001100001000100100100100101010100010011101110110101001100011011110111110010101000111011100010110110000000110010000111
00100101010001100001000100100100100101010100010011101110110101001100011011110111110010101000111011100010110110000000110010000111
01100110111010010100101111010100111011111000101000101100001110111000100001001100111110100101100111001010001101000010101100101110
01100110111010010100101111010100111011111000101000101100001110111000100001001100111110100101100111001010001101000010101100101110
01100110111010010100101111010100111011111000101000101100001110111000100001001100111110100101100111001010001101000010101100101110
01100110111010010100101111010100111011111000101000101100001110111000100001001100111110100101100111001010001101000010101100101110
01100110111010010100101111010100111011111000101000101100001110111000100001001100111110100101100111001010001101000010101100101110
00100101010001100001000100100100100101010100010011101110110101001100011011110111110010101000111011100010110110000000110010000111
00100101010001100001000100100100100101011100010011101110110101001100011011110111110010101000111011100010110110000000110010000111
01100110111010010100101111010100111011111000101000101100001110111000100001001100111110100101100111001010001101000010101100101110
00100101010001100001000100100100100101010100010011101110110101001100011011110111110010101000111011100010110110000000110010000111
01100110111010010100101111010100111011111000101000101100001110111000100001001100111110100101100111001010001101000010101100101110
01100110111010010100101111010100111011111000101000101100001110111000100001001100111110100101100111001010001101000010101100101110
01100110111010010100101111010100111011111000101000101100001110111000100001001100111110100101100111001010001101000010101100101110
01100110111010010100101111010100111011111000101000101100001110111000100001001100111110100101100111001010001101000010101100101110
01100110111010010100101111010100111011111000101000101100001110111000100001001100111110100101100111001010001101000010101100101110
01100110111010010100101111010100111011111000101000101100001110111000100001001100111110100101100111001010001101000010101100101110
01100110111010010100101111010100111011111000101000101100001110111000100001001100111110100101100111001010001101000010101100101110
01100110111010010100101111010100111011111000101000101100001110111000100001001100111110100101100111001010001101000010101100101110
01100110111010010100101111010100111011111000101000101100001110111000100001001100111110100101100111001010001101000010101100101110
01100110111010010100101111010100111011111000101000101100001110111000100001001100111110100101100111001010001101000010101100101110
01100110111010010100101111010100111011111000101000101100001110111000100001001100111110100101100111001010001101000010101100101110
01100110111010010100101111010100111011111000101000101100001110111000100001001100111110100101100111001010001101000010101100101110
01100110111010010100101111010100111011111000101000101100001110111000100001001100111110100101100111001010001101000010101100101110
01100110111010010100101111010100111011111000101000101100001110111000100001001100111110100101100111001010001101000010101100101110
01100110111010010100101111010100111011111000101000101100001110111000100001001100111110100101100111001010001101000010101100101110
01100110111010010100101111010100111011111000101000101100001110111000100001001100111110100101100111001010001101000010101100101110
01100110111010010100101111010100111011111000101000101100001110111000100001001100111110100101100111001010001101000010101100101110
01100110111010010100101111010100111011111000101000101100001110111000100001001100111110100101100111001010001101000010101100101110
01100110111010010100101111010100111011111000101000101100001110111000100001001100111110100101100111001010001101000010101100101110
01100110111010010100101111010100111011111000101000101100001110111000100001001100111110100101100111001010001101000010101100101110
01100110111010010100101111010100111011111000101000101100001110111000100001001100111110100101100111001010001101000010101100101110
01100110111010010100101111010100111011111000101000101100001110111000100001001100111110100101100111001010001101000010101100101110
01100110111010010100101111010100111011111000101000101100001110111000100001001100111110100101100111001010001101000010101100101110
01100110111010010100101111010100111011111000101000101100001110111000100001001100111110100101100111001010001101000010101100101110
01100110111010010100101111010100111011111000101000101100001110111000100001001100111110100101100111001010001101000010101100101110
01100110111010010100101111010100111011111000101000101100001110111000100001001100111110100101100111001010001101000010101100101110
01100110111010010100101111010100111011111000101000101100001110111000100001001100111110100101100111001010001101000010101100101110
01100110111010010100101111010100111011111000101000101100001110111000100001001100111110100101100111001010001101000010101100101110
01100110111010010100101111010100111011111000101000101100001110111000100001001100111110100101100111001010001101000010101100101110
01100110111010010100101111010100111011111000101000101100001110111000100001001100111110100101100111001010001101000010101100101110
01100110111010010100101111010100111011111000101000101100001110111000100001001100111110100101100111001010001101000010101100101110
01100110111010010100101111010100111011111000101000101100001110111000100001001100111110100101100111001010001101000010101100101110
01100110111010010100101111010100111011111000101000101100001110111000100001001100111110100101100111001010001101000010101100101110
01100110111010010100101111010100111011111000101000101100001110111000100001001100111110100101100111001010001101000010101100101110
01100110111010010100101111010100111011111000101000101100001110111000100001001100111110100101100111001010001101000010101100101110
01100110111010010100101111010100111011111000101000101100001110111000100001001100111110100101100111001010001101000010101100101110
01100110111010010100101111010100111011111000101000101100001110111000100001001100111110100101100111001010001101000010101100101110
01100110111010010100101111010100111011111000101000101100001110111000100001001100111110100101100111001010001101000010101100101110
01100110111010010100101111010100111011111000101000101100001110111000100001001100111110100101100111001010001101000010101100101110
01100110111010010100101111010100111011111000101000101100001110111000100001001100111110100101100111001010001101000010101100101110
01100110111010010100101111010100111011111000101000101100001110111000100001001100111110100101100111001010001101000010101100101110
01100110111010010100101111010100111011111000101000101100001110111000100001001100111110100101100111001010001101000010101100101110
01100110111010010100101111010100111011111000101000101100001110111000100001001100111110100101100111001010001101000010101100101110
01100110111010010100101111010100111011111000101000101100001110111000100001001100111110100101100111001010001101000010101100101110
01100110111010010100101111010100111011111000101000101100001110111000100001001100111110100101100111001010001101000010101100101110
01100110111010010100101111010100111011111000101000101100001110111000100001001100111110100101100111001010001101000010101100101110
01100110111010010100101111010100111011111000101000101100001110111000100001001100111110100101100111001010001101000010101100101110
