01101001110001001110000011011000011010100111101100000100001100001101100011001101101101111000000001110000101101001100010101011010
01101001110001001110000011011000011010100111101100000100001100001101100011001101101101111000000001110000101101001100010101011010
01101001110001001110000011011000011010100111101100000100001100001101100011001101101101111000000001110000101101001100010101011010
01101001110001001110000011011000011010100111101100000100001100001101100011001101101101111000000001110000101101001100010101011010
01101001110001001110000011011000011010100111101100000100001100001101100011001101101101111000000001110000101101001100010101011010
01101001110001001110000011011000011010100111101100000100001100001101100011001101101101111000000001110000101101001100010101011010
01101001110001001110000011011000011010100111101100000100001100001101100011001101101101111000000001110000101101001100010101011010
01101001110001001110000011011000011010100111101100000100001100001101100011001101101101111000000001110000101101001100010101011010
01101001110001001110000011011000011010100111101100000100001100001101100011001101101101111000000001110000101101001100010101011010
01101001110001001110000011011000011010100111101100000100001100001101100011001101101101111000000001110000101101001100010101011010
01101001110001001110000011011000011010100111101100000100001100001101100011001101101101111000000001110000101101001100010101011010
01101001110001001110000011011000011010100111101100000100001100001101100011001101101101111000000001110000101101001100010101011010
01101001110001001110000011011000011010100111101100000100001100001101100011001101101101111000000001110000101101001100010101011010
01101001110001001110000011011000011010100111101100000100001100001101100011001101101101111000000001110000101101001100010101011010
01101001110001001110000011011000011010100111101100000100001100001101100011001101101101111000000001110000101101001100010101011010
01101001110001001110000011011000011010100111101100000100001100001101100011001101101101111000000001110000101101001100010101011010
01101001110001001110000011011000011010100111101100000100001100001101100011001101101101111000000001110000101101001100010101011010
01101001110001001110000011011000011010100111101100000100001100001101100011001101101101111000000001110000101101001100010101011010
01101001110001001110000011011000011010100111101100000100001100001101100011001101101101111000000001110000101101001100010101011010
00100111100111111011011101001010011101010111001000010011010111101000111110011011100011101111011011010001111011101110000000000011
01101001110001001110000011011000011010100111101100000100001100001101100011001101101101111000000001110000101101001100010101011010
01101001110001001110000011011000011010100111101100000100001100001101100011001101101101111000000001110000101101001100010101011010
01101001110001001110000011011000011010100111101100000100001100001101100011001101101101111000000001110000101101001100010101011010
01101001110001001110000011011000011010100111101100000100001100001101100011001101101101111000000001110000101101001100010101011010
