01101001110001001110000011011000011010100111101100000100001100001101100011001101101101111000000001110000101101001100010101011010
01101001110001001110000011011000011010100111101100000100001100001101100011001101101101111000000001110000101101001100010101011010
01101001110001001110000011011000011010100111101100000100001100001101100011001101101101111000000001110000101101001100010101011010
01101001110001001110000011011000011010100111101100000100001100001101100011001101101101111000000001110000101101001100010101011010
01101001110001001110000011011000011010100111101100000100001100001101100011001101101101111000000001110000101101001100010101011010
01101001110001001110000011011000011010100111101100000100001100001101100011001101101101111000000001110000101101001100010101011010
01101001110001001110000011011000011010100111101100000100001100001101100011001101101101111000000001110000101101001100010101011010
01101001110001001110000011011000011010100111101100000100001100001101100011001101101101111000000001110000101101001100010101011010
01101001110001001110000011011000011010100111101100000100001100001101100011001101101101111000000001110000101101001100010101011010
01101001110001001110000011011000011010100111101100000100001100001101100011001101101101111000000001110000101101001100010101011010
01101001110001001110000011011000011010100111101100000100001100001101100011001101101101111000000001110000101101001100010101011010
01101001110001001110000011011000011010100111101100000100001100001101100011001101101101111000000001110000101101001100010101011010
01101001110001001110000011011000011010100111101100000100001100001101100011001101101101111000000001110000101101001100010101011010
01101001110001001110000011011000011010100111101100000100001100001101100011001101101101111000000001110000101101001100010101011010
01101001110001001110000011011000011010100111101100000100001100001101100011001101101101111000000001110000101101001100010101011010
01101001110001001110000011011000011010100111101100000100001100001101100011001101101101111000000001110000101101001100010101011010
01101001110001001110000011011000011010100111101100000100001100001101100011001101101101111000000001110000101101001100010101011010
01101001110001001110000011011000011010100111101100000100001100001101100011001101101101111000000001110000101101001100010101011010
01101001110001001110000011011000011010100111101100000100001100001101100011001101101101111000000001110000101101001100010101011010
01101001110001001110000011011000011010100111101100000100001100001101100011001101101101111000000001110000101101001100010101011010
01101001110001001110000011011000011010100111101100000100001100001101100011001101101101111000000001110000101101001100010101011010
01101001110001001110000011011000011010100111101100000100001100001101100011001101101101111000000001110000101101001100010101011010
01101001110001001110000011011000011010100111101100000100001100001101100011001101101101111000000001110000101101001100010101011010
01101001110001001110000011011000011010100111101100000100001100001101100011001101101101111000000001110000101101001100010101011010
01101001110001001110000011011000011010100111101100000100001100001101100011001101101101111000000001110000101101001100010101011010
01101001110001001110000011011000011010100111101100000100001100001101100011001101101101111000000001110000101101001100010101011010
01101001110001001110000011011000011010100111101100000100001100001101100011001101101101111000000001110000101101001100010101011010
01101001110001001110000011011000011010100111101100000100001100001101100011001101101101111000000001110000101101001100010101011010
01101001110001001110000011011000011010100111101100000100001100001101100011001101101101111000000001110000101101001100010101011010
01101001110001001110000011011000011010100111101100000100001100001101100011001101101101111000000001110000101101001100010101011010
01110101010000100001000001101100110011110101010101110100111111101001001111100010110111011100011000111001000011010111011110000001
01101001110001001110000011011000011010100111101100000100001100001101100011001101101101111000000001110000101101001100010101011010
01101001110001001110000011011000011010100111101100000100001100001101100011001101101101111000000001110000101101001100010101011010
01101001110001001110000011011000011010100111101100000100001100001101100011001101101101111000000001110000101101001100010101011010
01101001110001001110000011011000011010100111101100000100001100001101100011001101101101111000000001110000101101001100010101011010
01101001110001001110000011011000011010100111101100000100001100001101100011001101101101111000000001110000101101001100010101011010
