01101001110001001110000011011000011010100111101100000100001100001101100011001101101101111000000001110000101101001100010101011010
01101001110001001110000011011000011010100111101100000100001100001101100011001101101101111000000001110000101101001100010101011010
01101001110001001110000011011000011010100111101100000100001100001101100011001101101101111000000001110000101101001100010101011010
01101001110001001110000011011000011010100111101100000100001100001101100011001101101101111000000001110000101101001100010101011010
11010111010101111110100101101100100100001101010111101100000000010001011001100111100001100101010100010101100101100100110111011100
11010111010101111110100101101100100100001101010111101100000000010001011001100111100001100101010100010101100101100100110111011100
01101001110001001110000011011000011010100111101100000100001100001101100011001101101101111000000001110000101101001100010101011010
01101001110001001110000011011000011010100111101100000100001100001101100011001101101101111000000001110000101101001100010101011010
01101001110001001110000011011000011010100111101100000100001100001101100011001101101101111000000001110000101101001100010101011010
01101001110001001110000011011000011010100111101100000100001100001101100011001101101101111000000001110000101101001100010101011010
01101001110001001110000011011000011010100111101100000100001100001101100011001101101101111000000001110000101101001100010101011010
01101001110001001110000011011000011010100111101100000100001100001101100011001101101101111000000001110000101101001100010101011010
01101001110001001110000011011000011010100111101100000100001100001101100011001101101101111000000001110000101101001100010101011010
01101001110001001110000011011000011010100111101100000100001100001101100011001101101101111000000001110000101101001100010101011010
01101001110001001110000011011000011010100111101100000100001100001101100011001101101101111000000001110000101101001100010101011010
01101001110001001110000011011000011010100111101100000100001100001101100011001101101101111000000001110000101101001100010101011010
01101001110001001110000011011000011010100111101100000100001100001101100011001101101101111000000001110000101101001100010101011010
01101001110001001110000011011000011010100111101100000100001100001101100011001101101101111000000001110000101101001100010101011010
01101001110001001110000011011000011010100111101100000100001100001101100011001101101101111000000001110000101101001100010101011010
01101001110001001110000011011000011010100111101100000100001100001101100011001101101101111000000001110000101101001100010101011010
01101001110001001110000011011000011010100111101100000100001100001101100011001101101101111000000001110000101101001100010101011010
01101001110001001110000011011000011010100111101100000100001100001101100011001101101101111000000001110000101101001100010101011010
01101001110001001110000011011000011010100111101100000100001100001101100011001101101101111000000001110000101101001100010101011010
01101001110001001110000011011000011010100111101100000100001100001101100011001101101101111000000001110000101101001100010101011010
01101001110001001110000011011000011010100111101100000100001100001101100011001101101101111000000001110000101101001100010101011010
01101001110001001110000011011000011010100111101100000100001100001101100011001101101101111000000001110000101101001100010101011010
