01101001110001001110000011011000011010100111101100000100001100001101100011001101101101111000000001110000101101001100010101011010
01101001110001001110000011011000011010100111101100000100001100001101100011001101101101111000000001110000101101001100010101011010
01101001110001001110000011011000011010100111101100000100001100001101100011001101101101111000000001110000101101001100010101011010
01101001110001001110000011011000011010100111101100000100001100001101100011001101101101111000000001110000101101001100010101011010
01101001110001001110000011011000011010100111101100000100001100001101100011001101101101111000000001110000101101001100010101011010
01101001110001001110000011011000011010100111101100000100001100001101100011001101101101111000000001110000101101001100010101011010
01101001110001001110000011011000011010100111101100000100001100001101100011001101101101111000000001110000101101001100010101011010
01101001110001001110000011011000011010100111101100000100001100001101100011001101101101111000000001110000101101001100010101011010
01101001110001001110000011011000011010100111101100000100001100001101100011001101101101111000000001110000101101001100010101011010
01101001110001001110000011011000011010100111101100000100001100001101100011001101101101111000000001110000101101001100010101011010
01011010001011000111011011000111000010011000100110100001000010001001100101100111010100010010000010001111111011101100001000110010
01101001110001001110000011011000011010100111101100000100001100001101100011001101101101111000000001110000101101001100010101011010
01101001110001001110000011011000011010100111101100000100001100001101100011001101101101111000000001110000101101001100010101011010
01011010001011000111011011000111000010011000100110100001000010001001100101100111010100010010000010001111111011101100001000110010
01101001110001001110000011011000011010100111101100000100001100001101100011001101101101111000000001110000101101001100010101011010
01101001110001001110000011011000011010100111101100000100001100001101100011001101101101111000000001110000101101001100010101011010
01101001110001001110000011011000011010100111101100000100001100001101100011001101101101111000000001110000101101001100010101011010
01101001110001001110000011011000011010100111101100000100001100001101100011001101101101111000000001110000101101001100010101011010
01101001110001001110000011011000011010100111101100000100001100001101100011001101101101111000000001110000101101001100010101011010
01101001110001001110000011011000011010100111101100000100001100001101100011001101101101111000000001110000101101001100010101011010
