1101101001010110100110001011111000010111101110011011010001101001011000100011001101010111100110010111011110011111101111101100101010001100111001011101010010010001110000001101001001100010010000111011101011111110111110011110101000011000001101111010100111011000
1101101001010110100110001011111000010111101110011011010001101001011000100011001101010111100110010111011110011111101111101100101010001100111001011101010010010001110000001101001001100010010000111011101011111110111110011110101000011000001101111010100111011000
1101101001010110100110001011111000010111101110011011010001101001011000100011001101010111100110010111011110011111101111101100101010001100111001011101010010010001110000001101001001100010010000111011101011111110111110011110101000011000001101111010100111011000
1101101001010110100110001011111000010111101110011011010001101001011000100011001101010111100110010111011110011111101111101100101010001100111001011101010010010001110000001101001001100010010000111011101011111110111110011110101000011000001101111010100111011000
1101101001010110100110001011111000010111101110011011010001101001011000100011001101010111100110010111011110011111101111101100101010001100111001011101010010010001110000001101001001100010010000111011101011111110111110011110101000011000001101111010100111011000
1101101001010110100110001011111000010111101110011011010001101001011000100011001101010111100110010111011110011111101111101100101010001100111001011101010010010001110000001101001001100010010000111011101011111110111110011110101000011000001101111010100111011000
1101101001010110100110001011111000010111101110011011010001101001011000100011001101010111100110010111011110011111101111101100101010001100111001011101010010010001110000001101001001100010010000111011101011111110111110011110101000011000001101111010100111011000
1101101001010110100110001011111000010111101110011011010001101001011000100011001101010111100110010111011110011111101111101100101010001100111001011101010010010001110000001101001001100010010000111011101011111110111110011110101000011000001101111010100111011000
1101101001010110100110001011111000010111101110011011010001101001011000100011001101010111100110010111011110011111101111101100101010001100111001011101010010010001110000001101001001100010010000111011101011111110111110011110101000011000001101111010100111011000
1101101001010110100110001011111000010111101110011011010001101001011000100011001101010111100110010111011110011111101111101100101010001100111001011101010010010001110000001101001001100010010000111011101011111110111110011110101000011000001101111010100111011000
