#C1000GatesWith500Depth.txt
1000 35 1500
P0 24
0
1
2
3
4
5
6
7
8
9
10
11
12
13
14
15
16
17
18
19
20
21
22
23
P1 14
24
25
26
27
28
29
30
31
32
33
34
35
36
37
P2 14
38
39
40
41
42
43
44
45
46
47
48
49
50
51
P3 14
52
53
54
55
56
57
58
59
60
61
62
63
64
65
P4 14
66
67
68
69
70
71
72
73
74
75
76
77
78
79
P5 14
80
81
82
83
84
85
86
87
88
89
90
91
92
93
P6 14
94
95
96
97
98
99
100
101
102
103
104
105
106
107
P7 14
108
109
110
111
112
113
114
115
116
117
118
119
120
121
P8 14
122
123
124
125
126
127
128
129
130
131
132
133
134
135
P9 14
136
137
138
139
140
141
142
143
144
145
146
147
148
149
P10 14
150
151
152
153
154
155
156
157
158
159
160
161
162
163
P11 14
164
165
166
167
168
169
170
171
172
173
174
175
176
177
P12 14
178
179
180
181
182
183
184
185
186
187
188
189
190
191
P13 14
192
193
194
195
196
197
198
199
200
201
202
203
204
205
P14 14
206
207
208
209
210
211
212
213
214
215
216
217
218
219
P15 14
220
221
222
223
224
225
226
227
228
229
230
231
232
233
P16 14
234
235
236
237
238
239
240
241
242
243
244
245
246
247
P17 14
248
249
250
251
252
253
254
255
256
257
258
259
260
261
P18 14
262
263
264
265
266
267
268
269
270
271
272
273
274
275
P19 14
276
277
278
279
280
281
282
283
284
285
286
287
288
289
P20 14
290
291
292
293
294
295
296
297
298
299
300
301
302
303
P21 14
304
305
306
307
308
309
310
311
312
313
314
315
316
317
P22 14
318
319
320
321
322
323
324
325
326
327
328
329
330
331
P23 14
332
333
334
335
336
337
338
339
340
341
342
343
344
345
P24 14
346
347
348
349
350
351
352
353
354
355
356
357
358
359
P25 14
360
361
362
363
364
365
366
367
368
369
370
371
372
373
P26 14
374
375
376
377
378
379
380
381
382
383
384
385
386
387
P27 14
388
389
390
391
392
393
394
395
396
397
398
399
400
401
P28 14
402
403
404
405
406
407
408
409
410
411
412
413
414
415
P29 14
416
417
418
419
420
421
422
423
424
425
426
427
428
429
P30 14
430
431
432
433
434
435
436
437
438
439
440
441
442
443
P31 14
444
445
446
447
448
449
450
451
452
453
454
455
456
457
P32 14
458
459
460
461
462
463
464
465
466
467
468
469
470
471
P33 14
472
473
474
475
476
477
478
479
480
481
482
483
484
485
P34 14
486
487
488
489
490
491
492
493
494
495
496
497
498
499


Out 2
1498
1499



0 340 500 0001
1 495 501 0001
500 387 502 0001
501 253 503 0001
502 343 504 0001
503 357 505 0001
504 219 506 0001
505 450 507 0001
506 289 508 0001
507 207 509 0001
508 497 510 0001
509 70 511 0001
510 179 512 0001
511 438 513 0001
512 411 514 0001
513 437 515 0001
514 510 516 0001
515 475 517 0001
516 139 518 0001
517 463 519 0001
518 249 520 0001
519 27 521 0001
520 324 522 0001
521 47 523 0001
522 413 524 0001
523 52 525 0001
524 328 526 0001
525 233 527 0001
526 514 528 0001
527 36 529 0001
528 40 530 0001
529 282 531 0001
530 332 532 0001
531 521 533 0001
532 209 534 0001
533 278 535 0001
534 293 536 0001
535 221 537 0001
536 63 538 0001
537 507 539 0001
538 3 540 0001
539 471 541 0001
540 238 542 0001
541 177 543 0001
542 138 544 0001
543 238 545 0001
544 416 546 0001
545 27 547 0001
546 394 548 0001
547 41 549 0001
548 546 550 0001
549 204 551 0001
550 488 552 0001
551 396 553 0001
552 330 554 0001
553 95 555 0001
554 379 556 0001
555 281 557 0001
556 424 558 0001
557 55 559 0001
558 120 560 0001
559 257 561 0001
560 188 562 0001
561 106 563 0001
562 543 564 0001
563 542 565 0001
564 423 566 0001
565 118 567 0001
566 327 568 0001
567 195 569 0001
568 198 570 0001
569 271 571 0001
570 562 572 0001
571 72 573 0001
572 568 574 0001
573 387 575 0001
574 179 576 0001
575 123 577 0001
576 518 578 0001
577 338 579 0001
578 325 580 0001
579 385 581 0001
580 310 582 0001
581 152 583 0001
582 415 584 0001
583 525 585 0001
584 439 586 0001
585 198 587 0001
586 510 588 0001
587 483 589 0001
588 84 590 0001
589 169 591 0001
590 515 592 0001
591 178 593 0001
592 38 594 0001
593 312 595 0001
594 246 596 0001
595 288 597 0001
596 589 598 0001
597 141 599 0001
598 193 600 0001
599 488 601 0001
600 379 602 0001
601 473 603 0001
602 299 604 0001
603 283 605 0001
604 360 606 0001
605 445 607 0001
606 553 608 0001
607 254 609 0001
608 75 610 0001
609 283 611 0001
610 243 612 0001
611 132 613 0001
612 576 614 0001
613 446 615 0001
614 417 616 0001
615 171 617 0001
616 48 618 0001
617 547 619 0001
618 123 620 0001
619 288 621 0001
620 569 622 0001
621 504 623 0001
622 364 624 0001
623 275 625 0001
624 507 626 0001
625 540 627 0001
626 230 628 0001
627 517 629 0001
628 544 630 0001
629 231 631 0001
630 378 632 0001
631 461 633 0001
632 71 634 0001
633 278 635 0001
634 405 636 0001
635 53 637 0001
636 16 638 0001
637 410 639 0001
638 99 640 0001
639 163 641 0001
640 624 642 0001
641 619 643 0001
642 456 644 0001
643 384 645 0001
644 510 646 0001
645 19 647 0001
646 198 648 0001
647 336 649 0001
648 28 650 0001
649 537 651 0001
650 625 652 0001
651 533 653 0001
652 645 654 0001
653 7 655 0001
654 35 656 0001
655 599 657 0001
656 361 658 0001
657 417 659 0001
658 646 660 0001
659 252 661 0001
660 94 662 0001
661 481 663 0001
662 347 664 0001
663 174 665 0001
664 107 666 0001
665 325 667 0001
666 446 668 0001
667 526 669 0001
668 18 670 0001
669 498 671 0001
670 11 672 0001
671 95 673 0001
672 496 674 0001
673 363 675 0001
674 239 676 0001
675 649 677 0001
676 393 678 0001
677 617 679 0001
678 514 680 0001
679 121 681 0001
680 655 682 0001
681 381 683 0001
682 609 684 0001
683 221 685 0001
684 52 686 0001
685 357 687 0001
686 113 688 0001
687 609 689 0001
688 469 690 0001
689 170 691 0001
690 331 692 0001
691 177 693 0001
692 476 694 0001
693 479 695 0001
694 75 696 0001
695 332 697 0001
696 580 698 0001
697 280 699 0001
698 99 700 0001
699 319 701 0001
700 327 702 0001
701 60 703 0001
702 71 704 0001
703 223 705 0001
704 287 706 0001
705 189 707 0001
706 94 708 0001
707 422 709 0001
708 358 710 0001
709 482 711 0001
710 16 712 0001
711 466 713 0001
712 623 714 0001
713 485 715 0001
714 580 716 0001
715 95 717 0001
716 443 718 0001
717 6 719 0001
718 126 720 0001
719 248 721 0001
720 236 722 0001
721 37 723 0001
722 306 724 0001
723 202 725 0001
724 436 726 0001
725 702 727 0001
726 510 728 0001
727 630 729 0001
728 517 730 0001
729 320 731 0001
730 562 732 0001
731 663 733 0001
732 718 734 0001
733 477 735 0001
734 352 736 0001
735 245 737 0001
736 30 738 0001
737 552 739 0001
738 604 740 0001
739 221 741 0001
740 727 742 0001
741 720 743 0001
742 129 744 0001
743 599 745 0001
744 139 746 0001
745 354 747 0001
746 15 748 0001
747 692 749 0001
748 711 750 0001
749 194 751 0001
750 574 752 0001
751 285 753 0001
752 277 754 0001
753 508 755 0001
754 40 756 0001
755 440 757 0001
756 717 758 0001
757 316 759 0001
758 138 760 0001
759 590 761 0001
760 120 762 0001
761 480 763 0001
762 335 764 0001
763 32 765 0001
764 338 766 0001
765 468 767 0001
766 290 768 0001
767 150 769 0001
768 347 770 0001
769 550 771 0001
770 459 772 0001
771 187 773 0001
772 617 774 0001
773 341 775 0001
774 297 776 0001
775 213 777 0001
776 1 778 0001
777 451 779 0001
778 713 780 0001
779 259 781 0001
780 590 782 0001
781 697 783 0001
782 236 784 0001
783 207 785 0001
784 545 786 0001
785 346 787 0001
786 477 788 0001
787 740 789 0001
788 339 790 0001
789 287 791 0001
790 591 792 0001
791 659 793 0001
792 652 794 0001
793 729 795 0001
794 612 796 0001
795 581 797 0001
796 280 798 0001
797 69 799 0001
798 47 800 0001
799 379 801 0001
800 209 802 0001
801 188 803 0001
802 151 804 0001
803 146 805 0001
804 615 806 0001
805 230 807 0001
806 410 808 0001
807 691 809 0001
808 662 810 0001
809 556 811 0001
810 627 812 0001
811 646 813 0001
812 423 814 0001
813 37 815 0001
814 373 816 0001
815 4 817 0001
816 517 818 0001
817 61 819 0001
818 660 820 0001
819 142 821 0001
820 341 822 0001
821 368 823 0001
822 553 824 0001
823 91 825 0001
824 107 826 0001
825 817 827 0001
826 567 828 0001
827 177 829 0001
828 753 830 0001
829 305 831 0001
830 217 832 0001
831 741 833 0001
832 761 834 0001
833 792 835 0001
834 591 836 0001
835 214 837 0001
836 31 838 0001
837 565 839 0001
838 693 840 0001
839 794 841 0001
840 325 842 0001
841 153 843 0001
842 81 844 0001
843 721 845 0001
844 515 846 0001
845 289 847 0001
846 789 848 0001
847 738 849 0001
848 817 850 0001
849 170 851 0001
850 733 852 0001
851 466 853 0001
852 338 854 0001
853 579 855 0001
854 616 856 0001
855 331 857 0001
856 386 858 0001
857 176 859 0001
858 139 860 0001
859 163 861 0001
860 678 862 0001
861 302 863 0001
862 703 864 0001
863 61 865 0001
864 288 866 0001
865 758 867 0001
866 112 868 0001
867 862 869 0001
868 805 870 0001
869 437 871 0001
870 751 872 0001
871 171 873 0001
872 51 874 0001
873 506 875 0001
874 820 876 0001
875 341 877 0001
876 834 878 0001
877 575 879 0001
878 830 880 0001
879 232 881 0001
880 282 882 0001
881 818 883 0001
882 228 884 0001
883 806 885 0001
884 445 886 0001
885 860 887 0001
886 42 888 0001
887 82 889 0001
888 176 890 0001
889 76 891 0001
890 785 892 0001
891 833 893 0001
892 248 894 0001
893 851 895 0001
894 721 896 0001
895 658 897 0001
896 69 898 0001
897 802 899 0001
898 541 900 0001
899 181 901 0001
900 543 902 0001
901 730 903 0001
902 251 904 0001
903 464 905 0001
904 199 906 0001
905 576 907 0001
906 806 908 0001
907 420 909 0001
908 408 910 0001
909 135 911 0001
910 413 912 0001
911 414 913 0001
912 284 914 0001
913 518 915 0001
914 797 916 0001
915 467 917 0001
916 116 918 0001
917 543 919 0001
918 637 920 0001
919 806 921 0001
920 493 922 0001
921 208 923 0001
922 714 924 0001
923 64 925 0001
924 850 926 0001
925 280 927 0001
926 107 928 0001
927 118 929 0001
928 37 930 0001
929 278 931 0001
930 369 932 0001
931 787 933 0001
932 528 934 0001
933 200 935 0001
934 76 936 0001
935 676 937 0001
936 306 938 0001
937 169 939 0001
938 423 940 0001
939 396 941 0001
940 40 942 0001
941 183 943 0001
942 800 944 0001
943 849 945 0001
944 899 946 0001
945 546 947 0001
946 708 948 0001
947 597 949 0001
948 300 950 0001
949 425 951 0001
950 645 952 0001
951 705 953 0001
952 854 954 0001
953 558 955 0001
954 41 956 0001
955 341 957 0001
956 856 958 0001
957 674 959 0001
958 25 960 0001
959 234 961 0001
960 135 962 0001
961 504 963 0001
962 151 964 0001
963 739 965 0001
964 607 966 0001
965 302 967 0001
966 543 968 0001
967 942 969 0001
968 963 970 0001
969 507 971 0001
970 696 972 0001
971 510 973 0001
972 384 974 0001
973 667 975 0001
974 235 976 0001
975 53 977 0001
976 452 978 0001
977 411 979 0001
978 772 980 0001
979 168 981 0001
980 264 982 0001
981 459 983 0001
982 306 984 0001
983 806 985 0001
984 725 986 0001
985 273 987 0001
986 89 988 0001
987 165 989 0001
988 113 990 0001
989 464 991 0001
990 49 992 0001
991 978 993 0001
992 238 994 0001
993 883 995 0001
994 130 996 0001
995 865 997 0001
996 410 998 0001
997 238 999 0001
998 824 1000 0001
999 557 1001 0001
1000 786 1002 0001
1001 532 1003 0001
1002 82 1004 0001
1003 54 1005 0001
1004 661 1006 0001
1005 82 1007 0001
1006 177 1008 0001
1007 307 1009 0001
1008 259 1010 0001
1009 640 1011 0001
1010 240 1012 0001
1011 554 1013 0001
1012 338 1014 0001
1013 832 1015 0001
1014 100 1016 0001
1015 746 1017 0001
1016 557 1018 0001
1017 488 1019 0001
1018 712 1020 0001
1019 552 1021 0001
1020 408 1022 0001
1021 1010 1023 0001
1022 993 1024 0001
1023 401 1025 0001
1024 213 1026 0001
1025 310 1027 0001
1026 77 1028 0001
1027 611 1029 0001
1028 851 1030 0001
1029 494 1031 0001
1030 715 1032 0001
1031 493 1033 0001
1032 171 1034 0001
1033 212 1035 0001
1034 256 1036 0001
1035 294 1037 0001
1036 774 1038 0001
1037 394 1039 0001
1038 37 1040 0001
1039 427 1041 0001
1040 105 1042 0001
1041 921 1043 0001
1042 264 1044 0001
1043 74 1045 0001
1044 365 1046 0001
1045 27 1047 0001
1046 910 1048 0001
1047 747 1049 0001
1048 588 1050 0001
1049 166 1051 0001
1050 526 1052 0001
1051 660 1053 0001
1052 618 1054 0001
1053 272 1055 0001
1054 1030 1056 0001
1055 331 1057 0001
1056 828 1058 0001
1057 718 1059 0001
1058 455 1060 0001
1059 335 1061 0001
1060 224 1062 0001
1061 343 1063 0001
1062 810 1064 0001
1063 42 1065 0001
1064 1004 1066 0001
1065 742 1067 0001
1066 469 1068 0001
1067 353 1069 0001
1068 425 1070 0001
1069 317 1071 0001
1070 867 1072 0001
1071 910 1073 0001
1072 457 1074 0001
1073 315 1075 0001
1074 878 1076 0001
1075 226 1077 0001
1076 24 1078 0001
1077 376 1079 0001
1078 742 1080 0001
1079 448 1081 0001
1080 455 1082 0001
1081 318 1083 0001
1082 1052 1084 0001
1083 1057 1085 0001
1084 847 1086 0001
1085 873 1087 0001
1086 594 1088 0001
1087 181 1089 0001
1088 642 1090 0001
1089 262 1091 0001
1090 520 1092 0001
1091 466 1093 0001
1092 171 1094 0001
1093 680 1095 0001
1094 1084 1096 0001
1095 208 1097 0001
1096 836 1098 0001
1097 1009 1099 0001
1098 904 1100 0001
1099 976 1101 0001
1100 418 1102 0001
1101 743 1103 0001
1102 695 1104 0001
1103 120 1105 0001
1104 11 1106 0001
1105 223 1107 0001
1106 182 1108 0001
1107 225 1109 0001
1108 26 1110 0001
1109 812 1111 0001
1110 1045 1112 0001
1111 1061 1113 0001
1112 1083 1114 0001
1113 829 1115 0001
1114 652 1116 0001
1115 748 1117 0001
1116 335 1118 0001
1117 559 1119 0001
1118 209 1120 0001
1119 862 1121 0001
1120 83 1122 0001
1121 759 1123 0001
1122 123 1124 0001
1123 161 1125 0001
1124 226 1126 0001
1125 806 1127 0001
1126 861 1128 0001
1127 867 1129 0001
1128 546 1130 0001
1129 237 1131 0001
1130 707 1132 0001
1131 668 1133 0001
1132 249 1134 0001
1133 167 1135 0001
1134 368 1136 0001
1135 815 1137 0001
1136 664 1138 0001
1137 699 1139 0001
1138 54 1140 0001
1139 167 1141 0001
1140 445 1142 0001
1141 279 1143 0001
1142 964 1144 0001
1143 616 1145 0001
1144 1133 1146 0001
1145 560 1147 0001
1146 65 1148 0001
1147 912 1149 0001
1148 1143 1150 0001
1149 456 1151 0001
1150 1007 1152 0001
1151 20 1153 0001
1152 717 1154 0001
1153 326 1155 0001
1154 1048 1156 0001
1155 448 1157 0001
1156 1101 1158 0001
1157 8 1159 0001
1158 787 1160 0001
1159 788 1161 0001
1160 40 1162 0001
1161 1054 1163 0001
1162 278 1164 0001
1163 61 1165 0001
1164 818 1166 0001
1165 1029 1167 0001
1166 315 1168 0001
1167 775 1169 0001
1168 832 1170 0001
1169 682 1171 0001
1170 673 1172 0001
1171 652 1173 0001
1172 103 1174 0001
1173 178 1175 0001
1174 285 1176 0001
1175 184 1177 0001
1176 127 1178 0001
1177 882 1179 0001
1178 1005 1180 0001
1179 518 1181 0001
1180 117 1182 0001
1181 1020 1183 0001
1182 764 1184 0001
1183 382 1185 0001
1184 51 1186 0001
1185 127 1187 0001
1186 541 1188 0001
1187 585 1189 0001
1188 408 1190 0001
1189 190 1191 0001
1190 262 1192 0001
1191 833 1193 0001
1192 338 1194 0001
1193 905 1195 0001
1194 722 1196 0001
1195 130 1197 0001
1196 744 1198 0001
1197 170 1199 0001
1198 41 1200 0001
1199 1178 1201 0001
1200 695 1202 0001
1201 950 1203 0001
1202 998 1204 0001
1203 943 1205 0001
1204 1019 1206 0001
1205 534 1207 0001
1206 928 1208 0001
1207 261 1209 0001
1208 117 1210 0001
1209 783 1211 0001
1210 509 1212 0001
1211 651 1213 0001
1212 712 1214 0001
1213 371 1215 0001
1214 581 1216 0001
1215 277 1217 0001
1216 1130 1218 0001
1217 664 1219 0001
1218 298 1220 0001
1219 611 1221 0001
1220 1118 1222 0001
1221 1053 1223 0001
1222 296 1224 0001
1223 826 1225 0001
1224 736 1226 0001
1225 393 1227 0001
1226 75 1228 0001
1227 401 1229 0001
1228 364 1230 0001
1229 942 1231 0001
1230 786 1232 0001
1231 1141 1233 0001
1232 139 1234 0001
1233 53 1235 0001
1234 839 1236 0001
1235 374 1237 0001
1236 271 1238 0001
1237 336 1239 0001
1238 1211 1240 0001
1239 366 1241 0001
1240 374 1242 0001
1241 1025 1243 0001
1242 881 1244 0001
1243 593 1245 0001
1244 567 1246 0001
1245 708 1247 0001
1246 112 1248 0001
1247 992 1249 0001
1248 707 1250 0001
1249 1214 1251 0001
1250 694 1252 0001
1251 801 1253 0001
1252 553 1254 0001
1253 505 1255 0001
1254 1025 1256 0001
1255 1154 1257 0001
1256 527 1258 0001
1257 1016 1259 0001
1258 1142 1260 0001
1259 766 1261 0001
1260 332 1262 0001
1261 768 1263 0001
1262 927 1264 0001
1263 836 1265 0001
1264 1040 1266 0001
1265 1051 1267 0001
1266 296 1268 0001
1267 900 1269 0001
1268 292 1270 0001
1269 1085 1271 0001
1270 1117 1272 0001
1271 579 1273 0001
1272 814 1274 0001
1273 124 1275 0001
1274 84 1276 0001
1275 800 1277 0001
1276 845 1278 0001
1277 321 1279 0001
1278 56 1280 0001
1279 939 1281 0001
1280 348 1282 0001
1281 121 1283 0001
1282 1101 1284 0001
1283 28 1285 0001
1284 1272 1286 0001
1285 400 1287 0001
1286 1255 1288 0001
1287 219 1289 0001
1288 271 1290 0001
1289 749 1291 0001
1290 8 1292 0001
1291 371 1293 0001
1292 84 1294 0001
1293 1220 1295 0001
1294 1289 1296 0001
1295 680 1297 0001
1296 603 1298 0001
1297 685 1299 0001
1298 641 1300 0001
1299 457 1301 0001
1300 589 1302 0001
1301 372 1303 0001
1302 307 1304 0001
1303 1299 1305 0001
1304 1287 1306 0001
1305 791 1307 0001
1306 1064 1308 0001
1307 629 1309 0001
1308 879 1310 0001
1309 369 1311 0001
1310 439 1312 0001
1311 1110 1313 0001
1312 810 1314 0001
1313 1070 1315 0001
1314 878 1316 0001
1315 571 1317 0001
1316 634 1318 0001
1317 215 1319 0001
1318 985 1320 0001
1319 432 1321 0001
1320 522 1322 0001
1321 731 1323 0001
1322 543 1324 0001
1323 189 1325 0001
1324 584 1326 0001
1325 619 1327 0001
1326 1187 1328 0001
1327 258 1329 0001
1328 60 1330 0001
1329 567 1331 0001
1330 82 1332 0001
1331 1206 1333 0001
1332 1312 1334 0001
1333 724 1335 0001
1334 911 1336 0001
1335 836 1337 0001
1336 139 1338 0001
1337 519 1339 0001
1338 30 1340 0001
1339 476 1341 0001
1340 0 1342 0001
1341 189 1343 0001
1342 289 1344 0001
1343 295 1345 0001
1344 436 1346 0001
1345 528 1347 0001
1346 1024 1348 0001
1347 564 1349 0001
1348 338 1350 0001
1349 1020 1351 0001
1350 782 1352 0001
1351 488 1353 0001
1352 485 1354 0001
1353 712 1355 0001
1354 4 1356 0001
1355 407 1357 0001
1356 247 1358 0001
1357 875 1359 0001
1358 231 1360 0001
1359 588 1361 0001
1360 474 1362 0001
1361 102 1363 0001
1362 907 1364 0001
1363 144 1365 0001
1364 345 1366 0001
1365 707 1367 0001
1366 980 1368 0001
1367 547 1369 0001
1368 242 1370 0001
1369 1196 1371 0001
1370 73 1372 0001
1371 760 1373 0001
1372 431 1374 0001
1373 683 1375 0001
1374 223 1376 0001
1375 667 1377 0001
1376 433 1378 0001
1377 863 1379 0001
1378 410 1380 0001
1379 822 1381 0001
1380 156 1382 0001
1381 435 1383 0001
1382 1376 1384 0001
1383 641 1385 0001
1384 1346 1386 0001
1385 1313 1387 0001
1386 374 1388 0001
1387 544 1389 0001
1388 85 1390 0001
1389 243 1391 0001
1390 1143 1392 0001
1391 931 1393 0001
1392 999 1394 0001
1393 144 1395 0001
1394 446 1396 0001
1395 902 1397 0001
1396 1341 1398 0001
1397 574 1399 0001
1398 380 1400 0001
1399 618 1401 0001
1400 14 1402 0001
1401 1068 1403 0001
1402 313 1404 0001
1403 913 1405 0001
1404 1375 1406 0001
1405 620 1407 0001
1406 10 1408 0001
1407 891 1409 0001
1408 1065 1410 0001
1409 51 1411 0001
1410 1271 1412 0001
1411 1286 1413 0001
1412 523 1414 0001
1413 978 1415 0001
1414 576 1416 0001
1415 7 1417 0001
1416 918 1418 0001
1417 852 1419 0001
1418 1323 1420 0001
1419 191 1421 0001
1420 215 1422 0001
1421 992 1423 0001
1422 848 1424 0001
1423 939 1425 0001
1424 619 1426 0001
1425 246 1427 0001
1426 279 1428 0001
1427 1077 1429 0001
1428 334 1430 0001
1429 1056 1431 0001
1430 671 1432 0001
1431 120 1433 0001
1432 424 1434 0001
1433 291 1435 0001
1434 771 1436 0001
1435 1308 1437 0001
1436 377 1438 0001
1437 555 1439 0001
1438 284 1440 0001
1439 171 1441 0001
1440 678 1442 0001
1441 1064 1443 0001
1442 907 1444 0001
1443 800 1445 0001
1444 594 1446 0001
1445 1306 1447 0001
1446 1008 1448 0001
1447 141 1449 0001
1448 1010 1450 0001
1449 661 1451 0001
1450 340 1452 0001
1451 633 1453 0001
1452 230 1454 0001
1453 1162 1455 0001
1454 392 1456 0001
1455 641 1457 0001
1456 365 1458 0001
1457 89 1459 0001
1458 790 1460 0001
1459 1168 1461 0001
1460 383 1462 0001
1461 484 1463 0001
1462 344 1464 0001
1463 1339 1465 0001
1464 1006 1466 0001
1465 1242 1467 0001
1466 579 1468 0001
1467 923 1469 0001
1468 562 1470 0001
1469 1134 1471 0001
1470 72 1472 0001
1471 944 1473 0001
1472 880 1474 0001
1473 1349 1475 0001
1474 1198 1476 0001
1475 516 1477 0001
1476 404 1478 0001
1477 776 1479 0001
1478 1365 1480 0001
1479 522 1481 0001
1480 1238 1482 0001
1481 533 1483 0001
1482 485 1484 0001
1483 1095 1485 0001
1484 1221 1486 0001
1485 426 1487 0001
1486 833 1488 0001
1487 456 1489 0001
1488 1313 1490 0001
1489 99 1491 0001
1490 969 1492 0001
1491 529 1493 0001
1492 620 1494 0001
1493 1101 1495 0001
1494 1471 1496 0001
1495 480 1497 0001
1496 1069 1498 0001
1497 32 1499 0001
